/*--------------------------------*- C++ -*----------------------------------*\
| =========                 |                                                 |
| \\      /  F ield         | OpenFOAM: The Open Source CFD Toolbox           |
|  \\    /   O peration     | Version:  v2012                                 |
|   \\  /    A nd           | Website:  www.openfoam.com                      |
|    \\/     M anipulation  |                                                 |
\*---------------------------------------------------------------------------*/
FoamFile
{
    version     2.0;
    format      ascii;
    class       pointVectorField;
    location    "0";
    object      pointDisplacement;
}
// * * * * * * * * * * * * * * * * * * * * * * * * * * * * * * * * * * * * * //

dimensions      [0 1 0 0 0 0 0];


internalField   uniform (0 0 0);

boundaryField
{
    frontback
    {
        type            empty;
    }
    topbottom
    {
        type            uniformFixedValue;
        value           uniform (0 0 0);
        uniformValue    constant (0 0 0);
    }
    outlet
    {
        type            uniformFixedValue;
        value           nonuniform List<vector> 0();
        uniformValue    constant (0 0 0);
    }
    inlet
    {
        type            uniformFixedValue;
        value           uniform (0 0 0);
        uniformValue    constant (0 0 0);
    }
    walls
    {
        type            angularOscillatingDisplacement;
        axis            (0 0 1);
        origin          (0 0 0);
        angle0          0;
        amplitude       0.0174533;
        omega           0.4488;
        p0              nonuniform List<vector> 
200
(
(-1.42978 -0.759822 0)
(-1.46917 -0.766768 0)
(-1.46917 -0.766768 1)
(-1.42978 -0.759822 1)
(-1.351 -0.74593 0)
(-1.39039 -0.752876 0)
(-1.39039 -0.752876 1)
(-1.351 -0.74593 1)
(-0.326795 -0.565336 0)
(-0.366187 -0.572282 0)
(-0.366187 -0.572282 1)
(-0.326795 -0.565336 1)
(0.894366 -0.350012 0)
(0.854974 -0.356958 0)
(0.854974 -0.356958 1)
(0.894366 -0.350012 1)
(0.697405 -0.384742 0)
(0.658013 -0.391688 0)
(0.658013 -0.391688 1)
(0.697405 -0.384742 1)
(0.500443 -0.419472 0)
(0.461051 -0.426418 0)
(0.461051 -0.426418 1)
(0.500443 -0.419472 1)
(0.303482 -0.454201 0)
(0.264089 -0.461147 0)
(0.264089 -0.461147 1)
(0.303482 -0.454201 1)
(0.10652 -0.488931 0)
(0.0671279 -0.495877 0)
(0.0671279 -0.495877 1)
(0.10652 -0.488931 1)
(-0.0904413 -0.523661 0)
(-0.129834 -0.530606 0)
(-0.129834 -0.530606 1)
(-0.0904413 -0.523661 1)
(-0.287403 -0.55839 0)
(-0.287403 -0.55839 1)
(-0.484364 -0.59312 0)
(-0.523757 -0.600066 0)
(-0.523757 -0.600066 1)
(-0.484364 -0.59312 1)
(-0.681326 -0.627849 0)
(-0.720718 -0.634795 0)
(-0.720718 -0.634795 1)
(-0.681326 -0.627849 1)
(-0.878288 -0.662579 0)
(-0.91768 -0.669525 0)
(-0.91768 -0.669525 1)
(-0.878288 -0.662579 1)
(-1.07525 -0.697309 0)
(-1.11464 -0.704255 0)
(-1.11464 -0.704255 1)
(-1.07525 -0.697309 1)
(-1.27221 -0.732038 0)
(-1.3116 -0.738984 0)
(-1.3116 -0.738984 1)
(-1.27221 -0.732038 1)
(-1.50856 -0.773714 0)
(-1.50856 -0.773714 1)
(-1.66613 -0.801498 0)
(-1.70553 -0.808444 0)
(-1.70553 -0.808444 1)
(-1.66613 -0.801498 1)
(-1.8631 -0.836227 0)
(-1.90249 -0.843173 0)
(-1.90249 -0.843173 1)
(-1.8631 -0.836227 1)
(-2.06006 -0.870957 0)
(-2.09945 -0.877903 0)
(-2.09945 -0.877903 1)
(-2.06006 -0.870957 1)
(-2.25702 -0.905687 0)
(-2.29641 -0.912632 0)
(-2.29641 -0.912632 1)
(-2.25702 -0.905687 1)
(0.933759 -0.343066 0)
(0.933759 -0.343066 1)
(0.61862 -0.398634 0)
(0.61862 -0.398634 1)
(-2.38909 -0.84774 0)
(-2.39603 -0.808347 0)
(-2.39603 -0.808347 1)
(-2.38909 -0.84774 1)
(-2.41687 -0.69017 0)
(-2.42382 -0.650778 0)
(-2.42382 -0.650778 1)
(-2.41687 -0.69017 1)
(-2.4516 -0.493209 0)
(-2.45855 -0.453817 0)
(-2.45855 -0.453817 1)
(-2.4516 -0.493209 1)
(0.145913 -0.481985 0)
(0.145913 -0.481985 1)
(-0.051049 -0.516715 0)
(-0.051049 -0.516715 1)
(0.224697 -0.468093 0)
(0.224697 -0.468093 1)
(-0.444972 -0.586174 0)
(-0.444972 -0.586174 1)
(-0.641934 -0.620904 0)
(-0.641934 -0.620904 1)
(0.185305 -0.475039 0)
(0.185305 -0.475039 1)
(-0.957072 -0.676471 0)
(-0.957072 -0.676471 1)
(0.579228 -0.40558 0)
(0.579228 -0.40558 1)
(0.77619 -0.37085 0)
(0.736797 -0.377796 0)
(0.736797 -0.377796 1)
(0.77619 -0.37085 1)
(0.382266 -0.440309 0)
(0.342874 -0.447255 0)
(0.342874 -0.447255 1)
(0.382266 -0.440309 1)
(-1.23282 -0.725092 0)
(-1.23282 -0.725092 1)
(-1.03586 -0.690363 0)
(-1.03586 -0.690363 1)
(-0.0116567 -0.509769 0)
(-0.0116567 -0.509769 1)
(-0.208618 -0.544498 0)
(-0.248011 -0.551444 0)
(-0.248011 -0.551444 1)
(-0.208618 -0.544498 1)
(-1.62674 -0.794552 0)
(-1.62674 -0.794552 1)
(-0.40558 -0.579228 0)
(-0.40558 -0.579228 1)
(-1.8237 -0.829281 0)
(-1.8237 -0.829281 1)
(-0.602541 -0.613958 0)
(-0.602541 -0.613958 1)
(-1.74492 -0.815389 0)
(-1.74492 -0.815389 1)
(-0.799503 -0.648687 0)
(-0.838895 -0.655633 0)
(-0.838895 -0.655633 1)
(-0.799503 -0.648687 1)
(-0.996464 -0.683417 0)
(-0.996464 -0.683417 1)
(-1.94188 -0.850119 0)
(-1.94188 -0.850119 1)
(-1.19343 -0.718147 0)
(-1.19343 -0.718147 1)
(-2.13884 -0.884849 0)
(-2.13884 -0.884849 1)
(-1.58735 -0.787606 0)
(-1.58735 -0.787606 1)
(-1.78431 -0.822335 0)
(-1.78431 -0.822335 1)
(-1.15403 -0.711201 0)
(-1.15403 -0.711201 1)
(-2.43076 -0.611386 0)
(-2.43076 -0.611386 1)
(-2.40298 -0.768955 0)
(-2.40298 -0.768955 1)
(-2.40992 -0.729563 0)
(-2.40992 -0.729563 1)
(-1.98127 -0.857065 0)
(-1.98127 -0.857065 1)
(-2.17823 -0.891795 0)
(-2.17823 -0.891795 1)
(-2.3358 -0.919578 0)
(-2.3358 -0.919578 1)
(-2.43771 -0.571994 0)
(-2.43771 -0.571994 1)
(-2.47244 -0.375032 0)
(-2.47938 -0.33564 0)
(-2.47938 -0.33564 1)
(-2.47244 -0.375032 1)
(-2.38214 -0.887132 0)
(-2.38214 -0.887132 1)
(-2.3752 -0.926524 0)
(-2.3752 -0.926524 1)
(-2.44465 -0.532601 0)
(-2.44465 -0.532601 1)
(0.815582 -0.363904 0)
(0.815582 -0.363904 1)
(-2.02066 -0.864011 0)
(-2.02066 -0.864011 1)
(-2.46549 -0.414424 0)
(-2.46549 -0.414424 1)
(-1.54796 -0.78066 0)
(-1.54796 -0.78066 1)
(0.0277356 -0.502823 0)
(0.0277356 -0.502823 1)
(-0.563149 -0.607012 0)
(-0.563149 -0.607012 1)
(0.539836 -0.412526 0)
(0.539836 -0.412526 1)
(-2.21763 -0.898741 0)
(-2.21763 -0.898741 1)
(-0.169226 -0.537552 0)
(-0.169226 -0.537552 1)
(-0.760111 -0.641741 0)
(-0.760111 -0.641741 1)
(0.421659 -0.433363 0)
(0.421659 -0.433363 1)
)
;
        value           uniform (0 0 0);
    }
    procBoundary0to1
    {
        type            processor;
    }
    procBoundary0to2
    {
        type            processor;
    }
}


// ************************************************************************* //
